2 0.349828125 0.7862291666666666 0.0970625 0.1006875
2 0.360515625 0.6716875000000001 0.10198437499999999 0.13254166666666667
2 0.285109375 0.7595833333333334 0.093609375 0.098
2 0.54071875 0.6999375000000001 0.07893750000000001 0.1345
2 0.45234375 0.6914166666666667 0.09210937500000001 0.11745833333333335
2 0.4025 0.5874583333333334 0.105625 0.10622916666666667
2 0.46457812499999995 0.48535416666666664 0.11292187499999999 0.14733333333333334
1 0.190796875 0.6680416666666668 0.119875 0.14358333333333334
2 0.448078125 0.8223125 0.10515624999999999 0.1293125
1 0.555484375 0.8431458333333333 0.10121875 0.11891666666666666
1 0.606453125 0.7412083333333332 0.121125 0.15870833333333334
2 0.24371874999999998 0.48668750000000005 0.0968125 0.1286875
2 0.46409374999999997 0.31170833333333337 0.09812499999999999 0.1245
2 0.344390625 0.29793749999999997 0.073546875 0.11777083333333334
2 0.379640625 0.4255833333333333 0.05615625 0.09804166666666667
2 0.2898125 0.4261041666666667 0.0874375 0.1095
2 0.30289062499999997 0.6479791666666667 0.08625000000000001 0.13425
1 0.22809374999999998 0.5977083333333333 0.089015625 0.09333333333333332
1 0.336390625 0.49435416666666665 0.0770625 0.09775
1 0.34253125 0.5543750000000001 0.07570312500000001 0.07614583333333333
1 0.60675 0.5884791666666668 0.11584375 0.13604166666666667
1 0.5020781249999999 0.5978541666666667 0.086203125 0.10689583333333334
1 0.6078281249999999 0.32264583333333335 0.104328125 0.11045833333333334
2 0.42639062499999997 0.40410416666666665 0.079453125 0.08633333333333333
1 0.55315625 0.48966666666666664 0.09540625 0.1353125
2 0.536390625 0.39216666666666666 0.09390625 0.12795833333333334
2 0.646390625 0.411375 0.10162500000000001 0.10570833333333333
1 0.646390625 0.49020833333333336 0.094875 0.12410416666666667
1 0.707703125 0.6493125000000001 0.111359375 0.12697916666666667
2 0.74653125 0.526 0.1018125 0.13477083333333334
0 0.70915625 0.3670833333333333 0.10020312499999999 0.1255625